0 478733437 191375707
2494518625 3362803490 180386054
1605510969 1985802816 27464898
3545871802 2267467733 385725819
1580307385 1113809296 8335179
2267467733 4179194655 34953467
1588642564 52640953 16868405
768087626 69509358 314799711
2835042306 4002148814 177045841
320920516 1122144475 447167110
1082887337 670109144 443700152
3218018460 3543189544 156036618
1921732119 1569311585 321765324
1632975867 384309069 40704472
1526587489 425013541 53719896
3140697718 2802291105 77320742
1726321292 1891076909 94725907
3070918618 2732512005 69779100
1673680339 0 52640953
3374055078 3830332090 171816724
2755723853 2653193552 79318453
3012088147 3242981522 58830471
2363412697 3699226162 131105928
1821047199 2013267714 100684920
2302421200 3301811993 60991497
191375707 2113952634 129544809
3931597621 2879611847 363369675
2674904679 4214148122 80819174