3656475570 3037182697 7397903
682722270 547529272 780546181
266636474 1328075453 316323944
1591860664 3642496089 50700992
1642561656 266636474 280892798
1923454454 1644399397 1264527167
3979139381 3408096655 6045369
3663873473 4002979627 291987669
3955861142 3208017899 23278239
582960418 3414142024 99761852
3187981621 3231296138 176800517
3364782138 3044580600 163437299
1463268451 3513903876 128592213
3528219437 2908926564 128256133
4175159701 3693197081 119807595
3985184750 3813004676 189974951