2153765789 597465407 100160624
2781845200 2181361650 40610317
667326513 1345068833 191904517
2473693610 3180449558 308151590
3613083869 2293229230 341401182
1062907936 2938916666 34067323
1451871003 2221971967 71257263
3954485051 4137063579 102141117
4192502901 3838513492 49627103
1389629967 2876675630 62241036
1593277643 2972983989 143397067
859231030 2634630412 203676906
4056626168 790528713 68145539
1523128266 2838307318 38368312
503645468 3488601148 84794865
1333867367 4239204696 55762600
2902105909 1961894500 219467150
3268371481 858674252 266627384
2253926413 1125301636 219767197
4124771707 3888140595 67731194
1159014133 3663660258 174853234
3121573059 1536973350 56534177
4242130004 1593507527 52837292
3534998865 697626031 78085004
1096975259 503645468 62038874
588440333 3116381056 64068502
2052224391 3955871789 101541398
3178107236 3573396013 90264245
1736674710 1646344819 315549681
1561496578 565684342 31781065
2822455517 4057413187 79650392
652508835 775711035 14817678