873256303 3438158294 3400501
3338810960 408700040 99469568
876656804 586381004 55967396
2937187724 3352513245 85645049
3633224442 4294716315 250981
4063203128 3993405594 231764168
628606346 884567853 85164246
1848085960 2225191252 328179324
1686068310 2992301693 162017650
1456962076 179593806 229106234
0 1520731987 239660433
2759350898 1833519805 177836826
494634602 642348400 67929420
3022832773 758696310 125871543
3563677889 4225169762 69546553
2637775123 710277820 48418490
3148704316 969732099 112580498
3261284814 2623022420 77526146
489910414 174869618 4724188
1187482559 2700548566 269479517
713770592 2139594657 85596595
850982693 2970028083 22273610
932624200 2013609609 125985048
799367187 1082312597 51615506
3633475423 3563677889 429727705
562564022 3283192654 66042324
2181319395 2553370576 69651844
2250971239 1133928103 386803884
3438280528 3349234978 3278267
2686193613 513223719 73157285
239660433 1760392420 73127385
487657436 2011356631 2252978
312787818 0 174869618
1058609248 3154319343 128873311
2176265284 508169608 5054111