297032819 3559164217 26523093
323555912 2482284077 316032053
74171080 3214516077 10202585
3176226661 2368836568 113447509
2918425623 1610395638 257801038
3933490965 2171144546 103908097
1218064889 55976272 92496985
2591090931 0 23819721
1798514394 148473257 159960710
2288143061 1868196676 302947870
639587965 3736262447 6060799
3609511269 699586127 40962058
1575586870 3249692350 47378699
1310561874 2798316130 265024996
3650473327 2308711439 60125129
1958475104 483393073 178493006
259332771 661886079 37700048
907741932 980768687 228854035
1185908338 23819721 32156551
3437918904 3874038292 163360770
645648764 3297071049 262093168
2648569448 1432515231 29635673
1647939257 3585687310 150575137
3710598456 1209622722 222892509
2678205121 740548185 240220502
84373665 308433967 174959106
2614910652 2275052643 33658796
1622965569 3224718662 24973688
3289674170 1462150904 148244734
3601279674 3791635617 8231595
0 3799867212 74171080
2136968110 3063341126 151174951
1136595967 3742323246 49312371