539306376 906765326 12587914
0 164719538 374586838
3299714596 2417002864 137882274
3574681727 1862289721 10695948
1377359247 1111480860 147188226
2546515862 3738486436 38563842
2519543212 3564238204 26972650
1619134727 3777050278 31686173
551894290 728868054 177897272
3834998050 3919246788 238635651
729791562 919353240 625999
1524547473 3627710187 94587254
2399595894 3277935618 48769514
1340859914 3591210854 36499333
2585079704 2011159197 185411491
3723551203 3452791357 111446847
2895131743 2873352765 404582853
374586838 0 164719538
1776907125 1258669086 373340162
2881001532 2859222554 14130211
2217932998 2606381854 181662896
2166436282 2554885138 51496716
2448365408 2788044750 71177804
1650820900 3326705132 126086225
1110579441 1632009248 230280473
3437596870 4157882439 137084857
730417561 539306376 189561678
4294065877 1110579441 901419
2150247287 3722297441 16188995
2770491195 3808736451 110510337
3585377675 1872985669 138173528
4073633701 2196570688 220432176